function [ dxdy ] = odeElCentro( t,x, A, Ba )
%UNTITLED2 Summary of this function goes here
%   Detailed explanation goes here
elCentroData=[0 0.0200000000000000 0.0400000000000000 0.0600000000000000 0.0800000000000000 0.100000000000000 0.120000000000000 0.140000000000000 0.160000000000000 0.180000000000000 0.200000000000000 0.220000000000000 0.240000000000000 0.260000000000000 0.280000000000000 0.300000000000000 0.320000000000000 0.340000000000000 0.360000000000000 0.380000000000000 0.400000000000000 0.420000000000000 0.440000000000000 0.460000000000000 0.480000000000000 0.500000000000000 0.520000000000000 0.540000000000000 0.560000000000000 0.580000000000000 0.600000000000000 0.620000000000000 0.640000000000000 0.660000000000000 0.680000000000000 0.700000000000000 0.720000000000000 0.740000000000000 0.760000000000000 0.780000000000000 0.800000000000000 0.820000000000000 0.840000000000000 0.860000000000000 0.880000000000000 0.900000000000000 0.920000000000000 0.940000000000000 0.960000000000000 0.980000000000000 1 1.02000000000000 1.04000000000000 1.06000000000000 1.08000000000000 1.10000000000000 1.12000000000000 1.14000000000000 1.16000000000000 1.18000000000000 1.20000000000000 1.22000000000000 1.24000000000000 1.26000000000000 1.28000000000000 1.30000000000000 1.32000000000000 1.34000000000000 1.36000000000000 1.38000000000000 1.40000000000000 1.42000000000000 1.44000000000000 1.46000000000000 1.48000000000000 1.50000000000000 1.52000000000000 1.54000000000000 1.56000000000000 1.58000000000000 1.60000000000000 1.62000000000000 1.64000000000000 1.66000000000000 1.68000000000000 1.70000000000000 1.72000000000000 1.74000000000000 1.76000000000000 1.78000000000000 1.80000000000000 1.82000000000000 1.84000000000000 1.86000000000000 1.88000000000000 1.90000000000000 1.92000000000000 1.94000000000000 1.96000000000000 1.98000000000000 2 2.02000000000000 2.04000000000000 2.06000000000000 2.08000000000000 2.10000000000000 2.12000000000000 2.14000000000000 2.16000000000000 2.18000000000000 2.20000000000000 2.22000000000000 2.24000000000000 2.26000000000000 2.28000000000000 2.30000000000000 2.32000000000000 2.34000000000000 2.36000000000000 2.38000000000000 2.40000000000000 2.42000000000000 2.44000000000000 2.46000000000000 2.48000000000000 2.50000000000000 2.52000000000000 2.54000000000000 2.56000000000000 2.58000000000000 2.60000000000000 2.62000000000000 2.64000000000000 2.66000000000000 2.68000000000000 2.70000000000000 2.72000000000000 2.74000000000000 2.76000000000000 2.78000000000000 2.80000000000000 2.82000000000000 2.84000000000000 2.86000000000000 2.88000000000000 2.90000000000000 2.92000000000000 2.94000000000000 2.96000000000000 2.98000000000000 3 3.02000000000000 3.04000000000000 3.06000000000000 3.08000000000000 3.10000000000000 3.12000000000000 3.14000000000000 3.16000000000000 3.18000000000000 3.20000000000000 3.22000000000000 3.24000000000000 3.26000000000000 3.28000000000000 3.30000000000000 3.32000000000000 3.34000000000000 3.36000000000000 3.38000000000000 3.40000000000000 3.42000000000000 3.44000000000000 3.46000000000000 3.48000000000000 3.50000000000000 3.52000000000000 3.54000000000000 3.56000000000000 3.58000000000000 3.60000000000000 3.62000000000000 3.64000000000000 3.66000000000000 3.68000000000000 3.70000000000000 3.72000000000000 3.74000000000000 3.76000000000000 3.78000000000000 3.80000000000000 3.82000000000000 3.84000000000000 3.86000000000000 3.88000000000000 3.90000000000000 3.92000000000000 3.94000000000000 3.96000000000000 3.98000000000000 4 4.02000000000000 4.04000000000000 4.06000000000000 4.08000000000000 4.10000000000000 4.12000000000000 4.14000000000000 4.16000000000000 4.18000000000000 4.20000000000000 4.22000000000000 4.24000000000000 4.26000000000000 4.28000000000000 4.30000000000000 4.32000000000000 4.34000000000000 4.36000000000000 4.38000000000000 4.40000000000000 4.42000000000000 4.44000000000000 4.46000000000000 4.48000000000000 4.50000000000000 4.52000000000000 4.54000000000000 4.56000000000000 4.58000000000000 4.60000000000000 4.62000000000000 4.64000000000000 4.66000000000000 4.68000000000000 4.70000000000000 4.72000000000000 4.74000000000000 4.76000000000000 4.78000000000000 4.80000000000000 4.82000000000000 4.84000000000000 4.86000000000000 4.88000000000000 4.90000000000000 4.92000000000000 4.94000000000000 4.96000000000000 4.98000000000000 5 5.02000000000000 5.04000000000000 5.06000000000000 5.08000000000000 5.10000000000000 5.12000000000000 5.14000000000000 5.16000000000000 5.18000000000000 5.20000000000000 5.22000000000000 5.24000000000000 5.26000000000000 5.28000000000000 5.30000000000000 5.32000000000000 5.34000000000000 5.36000000000000 5.38000000000000 5.40000000000000 5.42000000000000 5.44000000000000 5.46000000000000 5.48000000000000 5.50000000000000 5.52000000000000 5.54000000000000 5.56000000000000 5.58000000000000 5.60000000000000 5.62000000000000 5.64000000000000 5.66000000000000 5.68000000000000 5.70000000000000 5.72000000000000 5.74000000000000 5.76000000000000 5.78000000000000 5.80000000000000 5.82000000000000 5.84000000000000 5.86000000000000 5.88000000000000 5.90000000000000 5.92000000000000 5.94000000000000 5.96000000000000 5.98000000000000 6 6.02000000000000 6.04000000000000 6.06000000000000 6.08000000000000 6.10000000000000 6.12000000000000 6.14000000000000 6.16000000000000 6.18000000000000 6.20000000000000 6.22000000000000 6.24000000000000 6.26000000000000 6.28000000000000 6.30000000000000 6.32000000000000 6.34000000000000 6.36000000000000 6.38000000000000 6.40000000000000 6.42000000000000 6.44000000000000 6.46000000000000 6.48000000000000 6.50000000000000 6.52000000000000 6.54000000000000 6.56000000000000 6.58000000000000 6.60000000000000 6.62000000000000 6.64000000000000 6.66000000000000 6.68000000000000 6.70000000000000 6.72000000000000 6.74000000000000 6.76000000000000 6.78000000000000 6.80000000000000 6.82000000000000 6.84000000000000 6.86000000000000 6.88000000000000 6.90000000000000 6.92000000000000 6.94000000000000 6.96000000000000 6.98000000000000 7.00000000000000 7.02000000000000 7.04000000000000 7.06000000000000 7.08000000000000 7.10000000000000 7.12000000000000 7.14000000000000 7.16000000000000 7.18000000000000 7.20000000000000 7.22000000000000 7.24000000000000 7.26000000000000 7.28000000000000 7.30000000000000 7.32000000000000 7.34000000000000 7.36000000000000 7.38000000000000 7.40000000000000 7.42000000000000 7.44000000000000 7.46000000000000 7.48000000000000 7.50000000000000 7.52000000000000 7.54000000000000 7.56000000000000 7.58000000000000 7.60000000000000 7.62000000000000 7.64000000000000 7.66000000000000 7.68000000000000 7.70000000000000 7.72000000000000 7.74000000000000 7.76000000000000 7.78000000000000 7.80000000000000 7.82000000000000 7.84000000000000 7.86000000000000 7.88000000000000 7.90000000000000 7.92000000000000 7.94000000000000 7.96000000000000 7.98000000000000 8 8.02000000000000 8.04000000000000 8.06000000000000 8.08000000000000 8.10000000000000 8.12000000000000 8.14000000000000 8.16000000000000 8.18000000000000 8.20000000000000 8.22000000000000 8.24000000000000 8.26000000000000 8.28000000000000 8.30000000000000 8.32000000000000 8.34000000000000 8.36000000000000 8.38000000000000 8.40000000000000 8.42000000000000 8.44000000000000 8.46000000000000 8.48000000000000 8.50000000000000 8.52000000000000 8.54000000000000 8.56000000000000 8.58000000000000 8.60000000000000 8.62000000000000 8.64000000000000 8.66000000000000 8.68000000000000 8.70000000000000 8.72000000000000 8.74000000000000 8.76000000000000 8.78000000000000 8.80000000000000 8.82000000000000 8.84000000000000 8.86000000000000 8.88000000000000 8.90000000000000 8.92000000000000 8.94000000000000 8.96000000000000 8.98000000000000 9 9.02000000000000 9.04000000000000 9.06000000000000 9.08000000000000 9.10000000000000 9.12000000000000 9.14000000000000 9.16000000000000 9.18000000000000 9.20000000000000 9.22000000000000 9.24000000000000 9.26000000000000 9.28000000000000 9.30000000000000 